252 101
254 114
256 126
257 138
261 151
269 162
279 171
291 179
304 181
317 179
329 172
339 163
346 152
350 139
352 127
353 114
355 101
261 94
267 87
276 85
285 85
295 89
311 87
320 84
330 83
340 85
346 92
303 95
304 104
304 113
304 122
294 125
299 127
304 129
309 127
314 125
272 99
278 96
284 96
290 99
284 99
278 100
317 98
323 95
329 95
334 98
329 99
323 99
281 140
288 137
297 136
304 137
311 136
319 137
327 140
319 147
311 151
303 152
296 151
288 147
283 141
297 139
303 140
311 139
325 140
311 146
303 147
297 146
